    5    2    2   28    2    9    0     46.23    9    0     46.23
   14    2    1   12    1    8    0     42.50    6    1     31.30
   16    1    1    9    1   11    0     42.27   11    0     42.27
   25    2    2    9    1   11    0     20.60   11    0     20.60
   29    1    2   13    1    9    0     38.77   10    1      0.30
   46    1    1   12    1    9    0     65.23    9    1     54.27
   49    2    1    8    1    8    0     63.50    6    1     10.80
   56    1    1   12    1    8    0     23.17    9    0     23.17
   61    2    1   16    1    9    0      1.47   10    0      1.47
   71    2    1   21    2    9    0     58.07    9    1     13.83
  100    2    2   23    2    9    1     46.43    9    0     48.53
  112    2    1   44    2   11    0     44.40   12    1      7.90
  120    1    2   47    2   11    0     39.57    6    0     39.57
  127    1    1   48    2    6    1     30.83   10    1     38.57
  133    2    1   26    2   10    0     66.27    9    1     14.10
  150    2    2   10    1    9    1     20.17   10    1      6.90
  167    2    2   23    2   12    0     58.43    9    1     41.40
  176    2    1    5    1    9    0     58.20    9    0     58.20
  185    2    1   46    2    6    0     57.43    8    0     57.43
  190    2    1    5    1   11    0     56.03   12    0     56.03
  202    2    2   13    1    9    0     67.53    9    0     67.53
  214    1    1   45    2    9    0     61.40   12    1      0.60
  220    2    1   11    1   10    1     10.27   10    1      1.63
  243    1    2    1    1   12    0     66.20   11    0     66.20
  255    1    2   10    1   12    1      5.67    9    1     13.83
  264    2    1   12    1    9    0     58.83   11    1     29.97
  266    2    1   36    2    9    0     60.27   11    1     26.37
  284    2    2   53    2   10    1      5.77   12    1      1.33
  295    1    2   10    1   11    1      5.90   11    1     35.53
  300    1    2   25    2   10    1     25.63    9    1     21.90
  302    2    2   14    1    9    1     33.90    9    1     14.80
  315    2    2   16    1   10    1      1.73    8    1      6.20
  324    1    2   38    2    9    0     46.90    8    1     22.00
  328    2    2   14    1    9    0     31.13    9    0     31.13
  335    2    2   10    1    9    1     30.20   11    1     22.00
  342    2    2   17    1   11    0     70.90   12    0     70.90
  349    1    1   44    2   11    1     25.80    8    1     13.87
  357    2    2   21    2    9    1      5.73    9    1     48.30
  368    1    2   19    1    9    0     53.43    9    0     53.43
  385    2    1   13    1   10    1      1.90   12    0     51.10
  396    2    2   40    2   10    1      9.90    9    1      9.90
  405    2    1    9    1    8    0     34.20   12    0     34.20
  409    2    2   48    2   10    0     46.73   12    1      2.67
  419    1    1   42    2   10    0     18.73   10    1     13.83
  429    1    1   24    2   11    0     32.03   10    1      4.27
  433    2    2   55    2   10    0     69.87   10    1     13.90
  445    2    2   17    1   11    0     66.80    9    0     66.80
  454    2    1    5    1    9    0     64.73    8    0     64.73
  468    2    1    6    1   10    1      1.70    6    1      1.70
  480    1    1   19    1    9    1      1.77   12    1     43.03
  485    1    1   12    1    8    0     29.03    8    0     29.03
  491    1    2   45    2    9    0     56.57    9    0     56.57
  503    1    2   27    2    9    1      8.30   10    1      8.30
  515    2    1   43    2    8    0     21.57    9    1     18.43
  522    1    2    4    1    9    0     31.57    8    0     31.57
  538    2    2   45    2   10    0     31.63    9    1     31.63
  547    1    1   32    2   11    0     39.77   10    0     39.77
  550    1    2    3    1   10    1     18.70   11    1      6.53
  554    2    1   14    1    8    0     18.90    9    0     18.90
  557    2    1   13    1   10    0     56.80    8    1     22.23
  561    1    1   15    1   10    0     55.60    9    1     14.00
  568    2    2   10    1    9    1     42.17   10    1     42.17
  572    1    2    6    1    9    0     10.70    9    1      5.33
  576    1    2   17    1    9    0     66.33   10    1     59.80
  581    2    2   37    2   12    0     52.33   11    1      5.83
  606    1    1   18    1    9    0     58.17   12    1      2.17
  610    1    2   13    1    9    1     14.30    8    1     48.43
  615    1    2   14    1   12    0     25.83   10    0     25.83
  618    1    1   12    1   10    0     45.40    9    0     45.40
  624    2    1    9    1    6    0     47.60    9    0     47.60
  631    2    2   11    1   12    1     13.33   10    1      9.60
  636    2    2   10    1   11    0     42.10   11    0     42.10
  645    1    1    5    1    9    0     39.93    6    0     39.93
  653    1    2   15    1    9    1     14.27   12    1      7.60
  662    2    2    7    1   12    1     34.57   12    1      1.80
  664    2    2    2    1    9    0     65.80   12    1      4.30
  683    1    2   22    2    8    1      4.10    6    1     12.20
  687    2    2    5    1   11    0     60.93   12    0     60.93
  701    1    2    4    1   10    0     57.20    9    0     57.20
  706    1    1   27    2    8    0     38.07   10    1     12.73
  717    1    1   53    2   11    0     54.10   11    1     54.10
  722    1    1   10    1    9    0     59.27   12    1      9.40
  731    1    2   13    1   12    1     21.57   10    1      9.90
  740    2    2   12    1    8    0     54.10    8    0     54.10
  749    1    2   24    2    9    0     50.47   11    0     50.47
  757    2    2   17    1    9    0     46.17   12    0     46.17
  760    1    2    8    1   11    0     46.30   11    0     46.30
  766    1    1   58    2   12    0     38.83    9    0     38.83
  769    1    2   17    1    9    0     44.60    9    0     44.60
  772    2    2   12    1   12    0     43.07    9    0     43.07
  778    1    2   25    2    8    1     26.23    8    0     40.03
  780    2    1   15    1    9    0     41.60   11    1     18.03
  793    1    2   21    2   11    0     38.07   11    0     38.07
  800    1    1   20    2    9    0     65.23    9    0     65.23
  804    1    1   23    2   10    1      7.07   12    0     66.77
  810    1    2   13    1   10    1     13.77   12    1     13.77
  815    1    2   45    2   10    0      9.63   12    1      9.63
  832    2    1    5    1   12    0     46.23   12    0     46.23
  834    2    2    8    1    9    0     45.73   12    1      1.50
  838    1    2   30    2    9    1     33.63    9    1     33.63
  857    2    2    7    1    8    0     40.17    6    0     40.17
  866    2    2   39    2   11    1     63.33   10    1     27.60
  887    2    1   26    2   10    1     38.47   10    1      1.63
  903    1    1   50    2    6    0     55.23    8    0     55.23
  910    1    2   34    2    6    0     52.77   10    1     25.30
  920    1    2   10    1    6    0     57.17    8    1     46.20
  925    2    1   40    2   10    0      9.87   10    1      1.70
  931    1    2   13    1   12    0     57.90   11    0     57.90
  936    2    2    7    1   10    0      5.90   12    0      5.90
  945    1    2   11    1   12    0     32.20   12    0     32.20
  949    1    1   13    1    9    1     10.33   10    1      0.83
  952    2    2    9    1   12    1      6.13    9    0     50.90
  962    2    2    5    1    9    0     43.67    9    1     25.93
  964    2    2   10    1    9    0     38.30    9    0     38.30
  971    2    1   23    2    9    0     38.77   10    1     19.40
  978    2    2    2    1   12    0     38.07   10    1     21.97
  983    1    1   12    1   11    0     38.30   11    0     38.30
  987    1    2    7    1   10    1     26.20    9    0     70.03
 1002    2    2   13    1    9    0     62.57   11    1     18.03
 1017    1    2   50    2    8    1     13.83    9    1      1.57
 1029    1    1   20    2   12    0     46.50   12    1     13.37
 1034    2    2   15    1   11    1     11.07    9    1      1.97
 1037    1    1   30    2    9    0     42.47    9    1     22.20
 1042    1    2   32    2    9    0     38.73    9    0     38.73
 1069    2    2   39    2   11    0     51.13   11    0     51.13
 1074    1    2    4    1   10    1      6.10   11    0     46.50
 1098    2    2    3    1   10    1      2.10   11    1     11.30
 1102    2    1   10    1   10    1     17.73    9    0     42.30
 1112    2    2    6    1    9    0     26.47   10    0     26.47
 1117    2    1   15    1   11    0     10.77   11    0     10.77
 1126    2    1   33    2   12    0     55.33   10    0     55.33
 1135    1    1   15    1    9    0     58.67    9    0     58.67
 1145    2    2   44    2   10    1     12.93    9    1      4.97
 1148    2    2   48    2    9    0     54.20   12    1     26.47
 1167    2    2    4    1   10    0     49.57    9    0     49.57
 1184    2    2   46    2   12    1     24.43   11    1      9.87
 1191    1    2   25    2    9    0     50.23    9    0     50.23
 1205    1    2   12    1   11    1     13.97   12    1     30.40
 1213    1    1   12    1    6    0     43.33   10    1     43.33
 1228    2    1   26    2    8    0     42.23    8    0     42.23
 1247    1    2   11    1    9    0     74.93    9    0     74.93
 1250    2    1   36    2    9    0     66.93    9    0     66.93
 1253    1    1   12    1    9    0     73.43    9    0     73.43
 1267    1    1   50    2   12    0     67.47   11    1     38.57
 1281    1    1   44    2    9    0      3.67   10    1      3.67
 1287    2    2    8    1   10    1     48.87    9    0     67.03
 1293    1    1   14    1    9    0     65.60    9    0     65.60
 1296    1    2   18    1   10    0     15.83   10    1     15.83
 1309    1    1   56    2   11    0     20.07    8    1      8.83
 1312    1    2    9    1   10    0     67.43    9    0     67.43
 1317    2    1   15    1    9    0      1.47    6    0      1.47
 1321    1    1    5    1   11    0     62.93    9    1     22.13
 1333    2    1    1    1    9    1      6.30   11    0     56.97
 1347    1    1    1    1   10    0     59.70   10    1     18.93
 1361    1    2   14    1   10    1     13.80    9    1     19.00
 1366    1    1   57    2    6    0     55.13    6    0     55.13
 1373    2    2    8    1   11    1     13.57   11    1      5.43
 1397    1    1   33    2   11    0     42.20   11    0     42.20
 1410    1    2   46    2   10    0     38.27    9    0     38.27
 1413    2    1    3    1    8    0      7.10   12    1      7.10
 1425    2    2   35    2   11    0     63.63   11    1     26.17
 1447    2    2    8    1   11    0     59.00   11    1     24.73
 1461    1    1   30    2    9    0     54.37   10    0     54.37
 1469    1    1   51    2    8    0     54.60   12    1     10.97
 1480    2    2   42    2    9    0     63.87    9    1     21.10
 1487    2    1   20    2    9    0     62.37    8    1     43.70
 1491    1    2   23    2   11    0     62.80    9    0     62.80
 1499    1    1   22    2   11    0     63.33    9    1     14.37
 1503    1    2   25    2    9    0     58.53    9    0     58.53
 1513    2    2   45    2   12    0     58.07   11    0     58.07
 1524    2    2   20    2   10    0     58.50    9    0     58.50
 1533    2    2   41    2    9    1      1.50    9    0     14.37
 1537    1    1   19    1   12    0     54.73   10    1     38.40
 1552    1    1    4    1   12    0     50.63   11    1      2.83
 1554    1    2   36    2   10    0     51.10    9    0     51.10
 1562    1    1   20    2    9    0     49.93    9    1      6.57
 1572    1    1   24    2    9    0     46.27    9    1     46.27
 1581    2    1   28    2    9    0     10.60   10    0     10.60
 1585    1    1   51    2    8    0     42.77   12    0     42.77
 1596    2    1   16    1    9    1     34.37   10    0     42.27
 1600    1    1   16    1   10    0     42.07   10    0     42.07
 1603    1    2   10    1    9    0     38.77    9    0     38.77
 1619    1    2   20    2    9    0     74.97   12    1     61.83
 1627    1    2   10    1   10    1      6.57   12    0     66.97
 1636    2    1   16    1    6    1     38.87    6    0     68.30
 1640    1    2   10    1   11    1     42.43    9    1     46.63
 1643    1    1   11    1    9    0     67.07    9    0     67.07
 1649    2    1    1    1   10    1      2.70   12    0      2.70
 1666    2    2   17    1    6    0     63.80    8    0     63.80
 1672    2    2    7    1    9    0     32.63    9    0     32.63
 1683    1    1   29    2   10    0     62.00    8    0     62.00
 1688    1    2    5    1   11    1     13.10   10    0     54.80
 1705    1    2    1    1    8    0      8.00    8    0      8.00
 1717    2    2   22    2   12    0     51.60   11    1     42.33
 1727    2    1   33    2    9    0     49.97   10    1      2.90
 1746    2    1    3    1   10    0     45.90   10    1      1.43
 1749    2    1   32    2    9    0     41.93    9    0     41.93
